      30.920 
      80.177 
     157.415 
     166.905 
     171.781 
     174.185 
     204.316 
     210.717 
     228.913 
     232.808 
     245.075 
     246.073 
     251.353 
     254.062 
     260.075 
     268.450 
     275.649 
     276.242 
     298.384 
     306.917 
     315.484 
     324.367 
     332.019 
     344.832 
     348.485 
     349.835 
     360.682 
     369.172 
     371.754 
     374.524 
     394.747 
     397.115 
     401.655 
     405.004 
     418.835 
     421.024 
     428.439 
     432.914 
     433.760 
     459.903 
     532.650 
     578.396 
     584.587 
     588.772 
     590.704 
     600.757 
     604.232 
     613.551 
     614.306 
     630.131 
     649.242 
     730.665 
     764.792 
     926.833 
    1072.285 
    1089.560 
    1097.536 
    1104.274 
    1110.781 
    1112.051 
    1113.356 
    1128.940 
    1129.321 
    1133.556 
    1140.576 
    1146.904 
    1151.735 
    1162.792 
    1173.203 
    1211.235 
    1436.331 
    1639.550 
    2530.931 
    3737.950 
    3907.778 
